#####################################################################################
### CosmicWatch: The Desktop Muon Detector
### Questions? saxani@mit.edu
### Comp_date Comp_time Event Ardn_time[ms] ADC[0-1023] SiPM[mV] Deadtime[ms] Temp[C]
#####################################################################################
Device ID: billy
1 41117 572 183.73 15 20.90
2 60499 440 109.25 44 20.90
3 348125 513 148.53 280 20.90
4 384620 184 31.36 322 20.90
5 448046 207 35.26 386 20.90
6 1045339 639 249.88 669 20.90
7 1253421 472 125.87 873 20.90
8 1332788 460 119.54 930 20.90
9 1359392 92 21.32 963 20.90
10 1544683 543 164.77 1078 20.90
11 1550687 600 203.87 1178 20.90
12 1701121 519 154.30 1263 20.90
13 1811661 70 18.93 1339 20.90
14 1859106 326 59.13 1385 20.90
15 1980883 588 183.26 1464 20.90
16 2009617 480 130.21 1575 20.90
17 2274179 384 80.08 1731 20.90
18 2385938 624 242.54 1812 20.90
19 2544999 159 27.66 1915 20.90
20 2732534 263 45.37 2078 20.90
21 3440802 480 130.21 2433 20.90
22 3448251 300 52.79 2464 20.90
23 3599079 575 187.30 2556 20.90
24 3603824 575 187.30 2646 21.11
25 3610755 448 112.41 2675 21.33
26 3852035 668 291.28 2801 21.33
27 3990732 96 21.67 2888 20.90
28 4336659 647 246.69 3088 20.90
29 4426917 44 14.51 3220 21.11
30 5286208 275 47.73 3624 21.54
31 5763571 569 185.56 3865 21.54
32 5766577 391 82.35 3891 21.11
33 5837277 415 95.00 4007 21.54
34 5971865 307 54.48 4082 21.54
35 5984650 463 119.23 4111 21.54
36 6433333 56 16.76 4323 21.54
37 6513196 444 109.09 4378 21.54
38 6957937 79 20.03 4669 21.11
39 7195385 440 109.25 4796 21.33
40 7564100 624 242.54 4967 21.54
41 7578503 428 101.58 4994 21.54
42 8075605 238 40.82 5300 21.11
43 8639734 118 23.42 5565 21.33
44 8703797 611 211.89 5610 21.54
45 8847029 704 326.52 5700 21.54
46 8903792 679 318.29 5823 21.54
47 8942052 515 147.53 5862 21.54
48 9000895 337 62.30 5909 21.54
49 9199850 335 61.77 6026 21.54
50 9284642 563 181.65 6084 21.54
51 9285695 604 210.97 6174 21.54
52 9484997 668 291.28 6291 21.54
53 9486998 399 87.30 6319 21.54
54 9931078 579 187.32 6535 21.54
55 10441973 344 64.67 6869 21.54
56 11326995 179 30.55 7339 21.54
57 11370872 478 129.43 7382 21.54
58 11377402 384 80.08 7408 21.54
59 11482725 652 262.10 7553 21.54
60 11727834 48 15.29 7703 21.54
61 11989574 704 326.52 7828 21.54
62 12680591 335 61.77 8174 21.54
63 12747102 463 119.23 8221 21.54
64 12793615 295 51.75 8339 21.54
65 13377519 728 431.28 8616 21.54
66 13631941 472 125.87 8755 21.54
67 13635709 704 326.52 8779 21.54
68 14008622 230 39.39 9039 21.54
69 14249920 608 202.86 9160 21.54
70 14492836 319 57.64 9302 21.54
71 14638301 92 21.32 9387 21.54
72 14802576 391 82.35 9550 21.54
73 14933912 396 85.28 9630 21.54
74 15094989 368 72.93 9719 21.54
75 15540404 408 90.57 9933 21.54
76 15826712 355 68.30 10085 21.54
77 16020234 428 101.58 10283 21.54
78 16041018 344 64.67 10312 21.54
79 16053936 263 45.37 10339 21.54
80 16218931 380 78.12 10416 21.54
81 16814844 467 121.56 10767 21.54
82 16861626 430 101.41 10813 21.54
83 16879697 531 160.62 10842 21.54
84 16888263 280 48.67 10873 21.54
85 17005079 71 19.06 11018 21.54
86 17728767 478 129.43 11358 21.54
87 17982785 627 249.17 11477 21.54
88 18511064 335 61.77 11724 21.54
89 18533838 496 144.49 11751 21.54
90 18940512 241 41.39 12009 21.54
91 18957498 659 253.36 12045 21.54
92 19322170 224 38.29 12215 21.54
93 19387847 204 34.73 12267 21.54
94 19657746 359 69.86 12491 21.54
95 20031892 255 43.96 12683 21.97
96 20546392 678 274.92 12941 21.97
97 20933805 536 160.18 13126 22.19
98 20968956 291 50.97 13237 22.19
99 21267181 664 270.86 13390 22.19
100 21636596 647 246.69 13580 21.97
101 21840781 438 107.18 13698 21.97
102 21912100 704 326.52 13746 22.19
103 22266629 451 113.08 13990 21.97
104 22386174 668 291.28 14071 22.19
105 22615046 646 271.78 14201 22.19
106 22806036 927 1487.84 14308 22.19
107 23045210 216 36.85 14504 22.19
108 23177494 243 41.74 14594 22.19
109 23247742 704 326.52 14656 21.97
110 23268302 39 13.53 14686 22.19
111 23596393 531 160.62 14902 21.97
112 23871119 295 51.75 15054 22.19
113 23936668 659 253.36 15103 21.76
114 24452824 188 32.01 15381 22.19
115 25152800 504 143.61 15736 21.97
116 25169140 103 22.23 15843 22.19
117 25384795 62 17.75 15961 21.97
118 25541739 639 249.88 16054 21.54
119 25579726 423 97.36 16097 21.54
120 26070086 327 59.28 16425 21.54
121 26426640 480 130.21 16605 21.54
122 26505913 327 59.28 16656 21.54
123 27160018 632 232.56 16958 21.54
124 27553512 611 211.89 17156 21.54
125 27702792 600 203.87 17304 21.54
126 27748170 575 187.30 17345 21.54
127 27800389 608 202.86 17384 21.54
128 27803937 318 57.28 17408 21.54
129 28234092 332 61.17 17702 21.54
130 28476617 440 109.25 17838 21.54
131 28523323 472 125.87 17880 21.54
132 29242402 620 217.12 18216 21.54
133 29308236 31 12.01 18348 21.54
134 29546133 240 41.21 18505 21.54
135 29871033 655 252.34 18655 21.54
136 29940087 307 54.48 18705 21.54
137 29971003 304 53.73 18748 21.54
138 30120498 615 227.36 18894 21.54
139 30132312 627 249.17 18924 21.54
140 30352471 440 109.25 19050 21.54
141 30629337 204 34.73 19203 21.54
142 30636106 302 53.30 19301 21.54
143 30849718 344 64.67 19438 21.54
144 31292176 472 125.87 19662 21.54
145 31410582 312 55.68 19732 21.54
146 31529112 304 53.73 19872 21.54
147 32048321 377 76.28 20155 21.33
148 32071992 591 188.65 20188 21.54
149 32404906 96 21.67 20400 21.33
150 32725847 131 24.54 20575 20.90
151 33623350 647 246.69 21033 20.90
152 33683399 271 46.93 21079 20.90
153 33747594 83 20.46 21133 20.90
154 33834012 368 72.93 21195 20.90
155 34366592 608 202.86 21541 20.90
156 34393802 615 227.36 21580 20.90
157 34430849 401 87.91 21629 20.90
158 35045320 304 53.73 21921 21.11
159 35109523 307 54.48 22048 21.11
160 35126607 63 17.91 22075 20.90
161 35351407 540 166.11 22191 20.90
162 35571137 686 278.39 22300 20.90
163 35808877 287 50.23 22435 21.11
164 36107104 665 286.02 22671 21.11
165 36227854 851 847.22 22755 20.90
166 36329344 312 55.68 22833 21.11
167 36451850 632 232.56 22913 21.11
168 36542660 483 132.60 23047 21.11
169 36883933 371 73.82 23200 21.11
170 36964056 35 12.75 23245 21.54
171 36990517 423 97.36 23280 21.11
172 37457892 665 286.02 23575 21.11
173 37686069 627 249.17 23683 20.90
174 37794908 492 134.92 23766 21.54
175 37926726 620 217.12 23847 21.11
176 38012633 35 12.75 23913 21.33
177 38048854 423 97.36 24024 21.33
178 38075652 671 277.06 24061 21.11
179 38216323 606 221.61 24153 21.11
180 38605456 335 61.77 24353 21.11
181 38755969 652 262.10 24511 21.54
182 38966818 664 270.86 24637 21.11
183 39024504 591 188.65 24680 21.33
184 39072631 92 21.32 24729 21.33
185 39236819 163 28.20 24828 21.33
186 39309960 579 187.32 24951 21.33
187 39359460 444 109.09 24997 21.54
188 40083893 156 27.28 25338 21.54
189 40207319 688 328.69 25412 21.54
190 40315492 280 48.67 25548 21.54
191 40520171 209 35.61 25680 21.54
192 41086630 632 232.56 25960 21.33
193 41187644 440 109.25 26033 21.54
194 41401245 496 144.49 26146 21.54
195 41712198 476 129.76 26365 21.54
196 41813639 236 40.44 26421 21.54
197 41827286 316 56.81 26449 21.54
198 42619186 455 117.03 26822 21.54
199 42778535 604 210.97 26991 21.54
200 43525344 323 58.48 27351 21.54
201 43680799 368 72.93 27440 21.54
202 43747095 496 144.49 27487 21.54
203 43886117 432 101.61 27569 21.54
204 44010347 35 12.75 27720 21.54
205 44200898 81 20.25 27833 21.54
206 44394632 608 202.86 27924 21.54
207 44823799 339 62.98 28143 21.54
208 44995762 344 64.67 28307 21.54
209 45293672 609 211.41 28462 21.54
210 45295612 433 104.37 28489 21.54
211 45359722 444 109.09 28547 21.54
212 45398286 593 187.91 28650 21.54
213 45513345 624 242.54 28726 21.54
214 45539465 334 61.44 28762 21.54
215 45561218 79 20.03 28791 21.54
216 45637858 448 112.41 28857 21.54
217 45661549 527 155.96 28965 21.54
218 46142585 78 19.92 29203 21.54
219 46692750 71 19.06 29441 21.54
220 46739417 448 112.41 29493 21.54
221 47234118 297 52.13 29805 21.54
222 47312964 33 12.37 29870 21.54
223 47443697 639 249.88 29954 21.54
224 48239726 463 119.23 30357 21.54
225 48241716 96 21.67 30446 21.76
226 48267682 638 261.42 30484 21.54
227 48697161 435 104.92 30699 21.76
228 48994373 432 101.61 30873 21.76
229 49055509 263 45.37 30926 21.76
230 49124559 195 33.17 31056 21.76
231 49284469 286 49.78 31163 21.76
232 49376518 319 57.64 31219 21.76
233 49395445 255 43.96 31249 21.54
234 49576379 319 57.64 31430 21.54
235 50571412 387 81.05 31898 22.19
236 50747052 344 64.67 32017 21.97
237 50790687 56 16.76 32062 21.76
238 50900742 384 80.08 32202 21.76
239 50947203 271 46.93 32252 21.54
240 51035412 688 328.69 32313 22.19
241 51049459 455 117.03 32341 21.76
242 51065796 366 72.41 32370 21.76
243 51150601 188 32.01 32504 21.97
244 51446443 688 328.69 32659 21.54
245 51496157 608 202.86 32695 21.76
246 51644971 204 34.73 32789 21.76
247 51735501 103 22.23 32919 21.54
248 51966197 275 47.73 33050 22.19
249 52184930 161 27.93 33173 22.19
250 52344083 417 95.20 33251 21.76
251 52733538 113 23.02 33428 22.19
252 52736421 646 271.78 33527 21.97
253 52765311 768 471.89 33567 22.19
254 52990799 433 104.37 33709 21.76
255 53009270 575 187.30 33739 22.19
256 53160313 195 33.17 33898 22.19
257 53754609 344 64.67 34205 21.76
258 53912334 419 97.20 34300 22.19
259 54077447 632 232.56 34401 22.19
260 54217037 760 464.80 34549 22.19
261 54222488 401 87.91 34575 22.19
262 54330946 224 38.29 34652 22.19
263 54399839 419 97.20 34700 22.19
264 54556843 615 227.36 34794 22.19
265 54733941 575 187.30 34964 22.19
266 54836410 408 90.57 35039 22.19
267 54996053 67 18.51 35143 22.19
268 55714898 326 59.13 35488 22.19
269 55781010 364 71.71 35597 22.19
270 55988888 67 18.51 35711 22.19
271 56179161 384 80.08 35825 22.19
272 56414839 476 129.76 35955 21.97
273 56574560 568 189.84 36124 21.54
274 56991367 435 104.92 36348 21.54
275 57892242 305 53.88 36808 21.54
276 57959469 415 95.00 36867 21.54
277 57971889 179 30.55 36900 21.54
278 58137104 460 119.54 37051 21.54
279 58481278 691 332.16 37209 21.54
280 58595192 647 246.69 37288 21.54
281 58678498 376 76.43 37347 21.97
282 58710983 318 57.28 37454 21.54
283 58991369 593 187.91 37599 21.54
284 59117512 384 80.08 37686 21.54
