#####################################################################################
### CosmicWatch: The Desktop Muon Detector
### Questions? saxani@mit.edu
### Comp_date Comp_time Event Ardn_time[ms] ADC[0-1023] SiPM[mV] Deadtime[ms] Temp[C]
#####################################################################################
Device ID: billy
1 2105980 153 26.90 1118 22.19
2 2272728 435 104.92 1240 22.19
3 4595846 451 113.08 2507 22.19
4 4673116 376 76.43 2575 22.19
5 5313144 428 101.58 2930 22.19
6 5448053 376 76.43 3033 22.19
7 6035535 224 38.29 3401 22.19
8 6124055 286 49.78 3485 22.19
9 7669990 337 62.30 4390 22.19
10 9571792 440 109.25 5458 22.19
11 9782938 46 14.91 5622 22.19
12 12292485 192 32.67 7017 22.19
13 12672840 307 54.48 7247 22.19
14 13076143 435 104.92 7476 22.19
15 13840419 304 53.73 7929 22.19
16 13971980 312 55.68 8011 21.97
17 14387853 512 144.44 8246 22.19
18 14454845 460 119.54 8306 22.19
19 14556501 240 41.21 8381 22.19
20 15799608 353 67.64 9080 22.19
21 15884135 56 16.76 9148 22.19
22 17247497 348 65.64 9937 22.19
23 18355433 448 112.41 10590 21.54
24 18612945 152 26.78 10776 21.54
25 19160779 408 90.57 11124 21.54
26 19944562 44 14.51 11541 21.54
27 19954819 284 49.41 11573 21.54
28 20245329 414 93.93 11776 21.54
29 20903997 385 80.11 12171 21.54
30 20941717 248 42.69 12219 21.54
31 21100399 486 135.98 12340 21.11
32 22385993 504 143.61 13051 20.90
33 22750111 307 54.48 13274 20.90
34 23974232 384 80.08 13919 20.90
35 26451489 664 270.86 15271 20.90
36 27609442 719 344.94 15934 20.90
37 27681290 600 203.87 15992 20.90
38 28114926 423 97.36 16249 20.90
39 29389555 79 20.03 16967 20.90
40 30368961 103 22.23 17499 20.90
41 31688837 143 25.74 18197 21.54
42 31717161 723 388.29 18240 21.54
43 36759151 142 25.64 20981 21.54
44 36889695 252 43.42 21080 21.54
45 38330129 574 181.47 21923 21.54
46 39812336 312 55.68 22665 21.54
47 41181999 355 68.30 23443 21.54
48 41522385 732 451.17 23629 21.54
49 41658023 31 12.01 23719 21.54
50 44721875 231 39.55 25351 21.76
51 47605028 478 129.43 26947 21.54
52 47700439 355 68.30 27017 21.54
53 48325475 220 37.58 27407 21.54
54 48681954 536 160.18 27602 21.54
55 49268318 353 67.64 27927 21.54
56 49669481 79 20.03 28150 21.54
57 50001112 711 380.66 28358 21.54
58 51497479 415 95.00 29166 21.54
59 52181104 415 95.00 29569 21.54
60 52889727 716 337.96 29961 21.54
61 53278342 307 54.48 30177 21.54
62 53840432 199 33.86 30534 21.54
63 54493759 723 388.29 30904 20.90
64 55310941 135 24.92 31344 20.90
65 55491855 448 112.41 31474 20.90
66 55613583 476 129.76 31560 20.90
67 57826425 440 109.25 32776 20.90
68 57874037 423 97.36 32825 20.90
69 58049941 327 59.28 32930 20.90
70 58066283 335 61.77 32963 20.90
71 58761036 430 101.41 33347 20.90
72 59555714 270 46.71 33799 20.90
73 59941370 481 129.57 34029 20.90
74 60254490 216 36.85 34222 20.90
75 60515998 611 211.89 34374 20.90
76 61419559 99 21.91 34886 20.90
77 61869725 67 18.51 35152 20.90
78 62625816 371 73.82 35575 19.82
79 63750368 345 64.98 36216 19.61
80 64221972 211 35.96 36597 19.61
81 64242066 332 61.17 36832 19.61
82 64766551 281 48.90 37132 19.61
83 66375866 44 14.51 38036 18.00
84 66425611 647 246.69 38089 18.00
85 67024247 120 23.58 38426 18.00
86 67617536 352 66.89 38750 17.35
87 67916182 46 14.91 38924 17.35
